2457898.5217756 0.49385 0.00185
2457898.5237979 0.49627 0.00187
2457898.5276021 0.49724 0.00190
2457898.5316319 0.50066 0.00190
2457898.5383002 0.50154 0.00197
2457898.5444648 0.50194 0.00198
2457898.5456384 0.50150 0.00207
2457898.5465328 0.50269 0.00210
2457898.5477566 0.50075 0.00204
2457898.5487588 0.50648 0.00209
2457898.5499359 0.50393 0.00212
2457898.5509382 0.50295 0.00214
2457898.5521306 0.50458 0.00207
2457898.5543381 0.50560 0.00210
2457898.5553389 0.50522 0.00212
2457898.5563899 0.50675 0.00220
2457898.5572837 0.50563 0.00214
2457898.5583583 0.50607 0.00217
2457898.5592539 0.50435 0.00220
2457898.5603642 0.50506 0.00210
2457898.5612594 0.50627 0.00209
2457898.5624287 0.50670 0.00209
2457898.5633251 0.50553 0.00207
2457898.5644535 0.50469 0.00208
2457898.5653492 0.50454 0.00206
2457898.5671981 0.50277 0.00210
2457898.5683966 0.50907 0.00208
2457898.5692922 0.50402 0.00212
2457898.5703727 0.50358 0.00205
2457898.5712677 0.50787 0.00200
2457898.5723043 0.50723 0.00199
2457898.5731997 0.50412 0.00199
2457898.5741427 0.50245 0.00195
2457898.5762394 0.50615 0.00201
2457898.5771321 0.50414 0.00201
2457898.5781509 0.50778 0.00207
2457898.5790440 0.50618 0.00212
2457898.5801615 0.50367 0.00211
2457898.5810551 0.50324 0.00196
2457898.5821359 0.50350 0.00200
2457898.5830280 0.50511 0.00198
2457898.5841146 0.50559 0.00202
2457898.5850091 0.50218 0.00202
2457898.5863236 0.50195 0.00200
2457898.5873245 0.50256 0.00210
2457898.5882630 0.50011 0.00211
2457898.5891578 0.50031 0.00218
2457898.5903416 0.50525 0.00223
2457898.5912334 0.50090 0.00225
2457898.5921867 0.50426 0.00228
2457898.5930796 0.50394 0.00236
2457898.5941310 0.50238 0.00236
2457898.5950262 0.50097 0.00241
2457898.5970554 0.50138 0.00241
2457898.5979735 0.50210 0.00240
2457898.5988682 0.49841 0.00241
2457898.6000976 0.49368 0.00245
2457898.6009912 0.49407 0.00249
2457898.6022499 0.50063 0.00250
2457898.6031434 0.49238 0.00253
2457898.6041670 0.49817 0.00257
2457898.6050597 0.49263 0.00257
2457898.6093565 0.48606 0.00281
2457898.6106617 0.47598 0.00285
2457898.6115551 0.48479 0.00297
2457898.6127089 0.48243 0.00301
2457898.6136050 0.48301 0.00312
2457898.6149861 0.48096 0.00327
2457898.6158796 0.48110 0.00339
2457898.6169814 0.47644 0.00352
2457898.6178756 0.48144 0.00356
2457898.6191412 0.46673 0.00369
2457898.6200346 0.47635 0.00392
2457898.6210507 0.47311 0.00415
2457898.6219462 0.48512 0.00440
2457898.6230422 0.47569 0.00463
2457898.6239390 0.47399 0.00514
2457898.6249955 0.47573 0.00543
