2457898.5197668 0.06799 0.00341
2457898.5207691 0.06505 0.00343
2457898.5217756 0.07159 0.00334
2457898.5227909 0.05714 0.00327
2457898.5237979 0.07290 0.00344
2457898.5246919 0.05605 0.00350
2457898.5257000 0.07286 0.00345
2457898.5265954 0.06975 0.00344
2457898.5276021 0.07586 0.00363
2457898.5286156 0.07375 0.00351
2457898.5296251 0.07392 0.00358
2457898.5306284 0.06842 0.00344
2457898.5316319 0.07885 0.00362
2457898.5325252 0.07175 0.00358
2457898.5335292 0.08239 0.00348
2457898.5345313 0.06915 0.00351
2457898.5355396 0.07369 0.00357
2457898.5364341 0.06800 0.00355
2457898.5373938 0.07504 0.00363
2457898.5383002 0.07770 0.00358
2457898.5392508 0.07590 0.00364
2457898.5402528 0.06909 0.00379
2457898.5412603 0.07511 0.00367
2457898.5422618 0.07848 0.00373
2457898.5434634 0.07876 0.00380
2457898.5444648 0.07978 0.00385
2457898.5456384 0.07681 0.00408
2457898.5465328 0.08290 0.00399
2457898.5477566 0.07706 0.00411
2457898.5487588 0.08296 0.00420
2457898.5499359 0.08232 0.00448
2457898.5509382 0.08182 0.00449
2457898.5521306 0.08253 0.00455
2457898.5531325 0.07876 0.00447
2457898.5543381 0.08176 0.00448
2457898.5553389 0.08266 0.00432
2457898.5563899 0.08255 0.00454
2457898.5572837 0.08277 0.00452
2457898.5583583 0.08272 0.00479
2457898.5592539 0.08026 0.00470
2457898.5603642 0.08238 0.00439
2457898.5612594 0.08493 0.00443
2457898.5624287 0.08388 0.00446
2457898.5633251 0.08265 0.00436
2457898.5644535 0.08072 0.00421
2457898.5653492 0.08114 0.00439
2457898.5663031 0.07983 0.00437
2457898.5671981 0.08006 0.00437
2457898.5683966 0.08609 0.00422
2457898.5692922 99.99999 9.99999
2457898.5703727 0.08181 0.00424
2457898.5712677 0.08382 0.00427
2457898.5723043 0.08235 0.00407
2457898.5731997 0.08311 0.00410
2457898.5741427 0.08121 0.00406
2457898.5750348 0.08648 0.00401
2457898.5762394 0.08200 0.00413
2457898.5771321 0.08151 0.00428
2457898.5781509 0.08314 0.00388
2457898.5790440 0.08229 0.00411
2457898.5801615 0.08189 0.00421
2457898.5810551 0.08120 0.00386
2457898.5821359 0.08015 0.00395
2457898.5830280 0.08143 0.00397
2457898.5841146 0.08101 0.00383
2457898.5850091 0.07867 0.00401
2457898.5863236 0.08203 0.00393
2457898.5873245 0.08211 0.00393
2457898.5882630 0.07855 0.00409
2457898.5891578 0.07905 0.00421
2457898.5903416 0.08036 0.00429
2457898.5912334 0.07855 0.00423
2457898.5921867 0.08291 0.00429
2457898.5930796 0.07965 0.00449
2457898.5941310 0.08124 0.00450
2457898.5950262 0.08125 0.00461
2457898.5960515 0.07380 0.00456
2457898.5970554 0.07848 0.00448
2457898.5979735 0.07886 0.00488
2457898.5988682 0.07320 0.00458
2457898.6000976 0.07376 0.00479
2457898.6009912 0.07283 0.00462
2457898.6022499 0.07824 0.00456
2457898.6031434 0.07217 0.00471
2457898.6041670 0.07589 0.00503
2457898.6050597 0.07138 0.00489
2457898.6063211 0.07019 0.00504
2457898.6073230 0.06388 0.00498
2457898.6083541 0.06608 0.00530
2457898.6093565 0.06595 0.00532
2457898.6106617 0.05646 0.00556
2457898.6115551 0.06353 0.00560
2457898.6127089 99.99999 9.99999
2457898.6136050 0.06264 0.00576
2457898.6149861 0.05855 0.00634
2457898.6158796 0.06168 0.00667
2457898.6169814 0.05745 0.00692
2457898.6178756 0.06086 0.00685
2457898.6191412 0.05424 0.00693
2457898.6200346 0.05292 0.00769
2457898.6210507 0.06014 0.00827
2457898.6219462 99.99999 9.99999
2457898.6239390 99.99999 9.99999
2457898.6249955 99.99999 9.99999
