2457900.3858014 -1.44227 0.00761
2457900.3866184 -1.44635 0.00752
2457900.3874280 -1.43335 0.00722
2457900.3887013 -1.43630 0.00722
2457900.3896134 -1.43569 0.00729
2457900.3907459 -1.43843 0.00694
2457900.3917890 -1.44457 0.00706
2457900.3925302 -1.44429 0.00693
2457900.3933788 -1.43803 0.00686
2457900.3943199 -1.43540 0.00691
2457900.3951586 -1.44454 0.00698
2457900.3961507 -1.44493 0.00690
2457900.3973719 -1.45238 0.00687
2457900.3986221 -1.42834 0.00675
2457900.3995402 -1.44721 0.00678
2457900.4006741 -1.44831 0.00673
2457900.4020425 -1.44364 0.00696
2457900.4052407 -1.46313 0.00666
2457900.4064058 -1.44897 0.00675
2457900.4072027 -1.43761 0.00648
2457900.4082587 -1.44570 0.00671
2457900.4090728 -1.45501 0.00664
2457900.4098902 -1.43880 0.00649
2457900.4109179 -1.44683 0.00652
2457900.4117470 -1.44172 0.00649
2457900.4125492 -1.44910 0.00654
2457900.4138968 -1.43675 0.00655
2457900.4147067 -1.45348 0.00676
2457900.4157390 -1.45381 0.00661
2457900.4165963 -1.43399 0.00645
2457900.4176525 -1.44497 0.00653
2457900.4184622 -1.45657 0.00656
2457900.4202228 -1.43645 0.00649
2457900.4212720 -1.42934 0.00642
2457900.4220818 -1.43483 0.00634
2457900.4237630 -1.43840 0.00640
2457900.4249056 -1.43616 0.00636
2457900.4259883 -1.42401 0.00624
2457900.4268321 -1.43538 0.00642
2457900.4278275 -1.43381 0.00632
2457900.4286876 -1.43474 0.00644
2457900.4311120 -1.43492 0.00645
2457900.4320262 -1.44044 0.00632
2457900.4328347 -1.42530 0.00639
2457900.4337101 -1.43316 0.00634
2457900.4345271 -1.43410 0.00633
2457900.4354544 -1.43318 0.00638
2457900.4362682 -1.43897 0.00645
2457900.4371160 -1.42254 0.00640
2457900.4380359 -1.42551 0.00634
2457900.4395028 -1.43063 0.00625
2457900.4403170 -1.42774 0.00615
2457900.4413473 -1.43027 0.00634
2457900.4422753 -1.43272 0.00624
2457900.4431899 -1.43068 0.00631
2457900.4442205 -1.42787 0.00618
2457900.4450963 -1.42906 0.00614
2457900.4465729 -1.43441 0.00617
2457900.4481446 -1.42893 0.00629
2457900.4490602 -1.44021 0.00629
2457900.4499527 -1.43331 0.00637
2457900.4508678 -1.43131 0.00623
2457900.4526512 -1.43805 0.00630
2457900.4534505 -1.43526 0.00619
2457900.4543844 -1.42748 0.00624
2457900.4574854 -1.43694 0.00627
2457900.4586424 -1.43247 0.00604
2457900.4593766 -1.42755 0.00611
2457900.4604638 -1.42170 0.00618
2457900.4614872 -1.43118 0.00620
2457900.4624277 -1.42803 0.00619
2457900.4632331 -1.43523 0.00611
2457900.4640405 -1.42814 0.00605
2457900.4649560 -1.42178 0.00612
2457900.4657624 -1.43163 0.00629
2457900.4665193 -1.42815 0.00603
2457900.4674580 -1.42459 0.00607
2457900.4682733 -1.42877 0.00624
2457900.4691233 -1.43604 0.00613
2457900.4699266 -1.42905 0.00619
2457900.4709690 -1.43041 0.00611
2457900.4718870 -1.43324 0.00622
2457900.4729995 -1.42849 0.00616
2457900.4738059 -1.43513 0.00604
2457900.4746130 -1.43155 0.00610
2457900.4755253 -1.42863 0.00614
2457900.4765215 -1.43376 0.00594
2457900.4772684 -1.43029 0.00612
2457900.4784921 -1.42729 0.00609
2457900.4792277 -1.43350 0.00617
2457900.4801506 -1.43638 0.00616
2457900.4810699 -1.42778 0.00599
2457900.4819943 -1.43153 0.00607
2457900.4829119 -1.43709 0.00600
2457900.4837380 -1.43504 0.00627
2457900.4846630 -1.42907 0.00607
2457900.4864752 -1.44178 0.00607
2457900.4872925 -1.43465 0.00603
2457900.4882491 -1.44415 0.00604
2457900.4890737 -1.44451 0.00612
2457900.4902426 -1.43525 0.00602
2457900.4910522 -1.43250 0.00619
2457900.4921183 -1.43001 0.00591
2457900.4928403 -1.43641 0.00605
2457900.4936785 -1.43155 0.00603
2457900.4946971 -1.43627 0.00599
2457900.4957601 -1.43479 0.00585
2457900.4965611 -1.43005 0.00605
2457900.4976138 -1.43132 0.00593
2457900.4984226 -1.42998 0.00607
2457900.4993736 -1.43305 0.00608
2457900.5001789 -1.42372 0.00613
2457900.5011167 -1.43275 0.00598
2457900.5019211 -1.43713 0.00604
2457900.5029634 -1.43781 0.00621
2457900.5037086 -1.42392 0.00591
2457900.5058547 -1.43151 0.00600
2457900.5066550 -1.44407 0.00610
2457900.5075941 -1.42740 0.00590
2457900.5084047 -1.42809 0.00590
2457900.5092443 -1.42712 0.00587
2457900.5100494 -1.43262 0.00586
2457900.5109766 -1.43568 0.00598
2457900.5117911 -1.44021 0.00584
2457900.5126163 -1.43002 0.00600
2457900.5135333 -1.43252 0.00593
2457900.5144670 -1.44474 0.00609
2457900.5152718 -1.43456 0.00593
2457900.5162843 -1.42935 0.00605
2457900.5171902 -1.43680 0.00602
2457900.5181257 -1.44440 0.00596
2457900.5189317 -1.43225 0.00595
2457900.5199781 -1.42413 0.00598
2457900.5207847 -1.44381 0.00601
2457900.5215625 -1.43846 0.00600
2457900.5223677 -1.43766 0.00599
2457900.5234093 -1.44389 0.00596
2457900.5242600 -1.44000 0.00590
2457900.5253817 -1.44216 0.00590
2457900.5264198 -1.42914 0.00593
2457900.5274609 -1.43994 0.00601
2457900.5285094 -1.44202 0.00580
2457900.5294353 -1.44249 0.00598
2457900.5302359 -1.45048 0.00599
2457900.5319472 -1.44486 0.00578
2457900.5327463 -1.44395 0.00591
2457900.5339019 -1.43794 0.00593
2457900.5347204 -1.43534 0.00588
2457900.5356382 -1.43707 0.00596
2457900.5364443 -1.44102 0.00593
2457900.5372527 -1.44281 0.00601
2457900.5380522 -1.45237 0.00599
2457900.5391120 -1.43956 0.00601
2457900.5399170 -1.44335 0.00593
2457900.5408765 -1.43767 0.00603
2457900.5416810 -1.45551 0.00598
2457900.5427898 -1.44199 0.00590
2457900.5437038 -1.44423 0.00594
2457900.5446275 -1.43772 0.00593
2457900.5454397 -1.45926 0.00602
2457900.5464722 -1.44087 0.00605
2457900.5472794 -1.44135 0.00610
2457900.5483949 -1.44103 0.00599
2457900.5493096 -1.45243 0.00593
2457900.5503084 -1.43046 0.00588
2457900.5511137 -1.43951 0.00582
2457900.5522458 -1.44189 0.00586
2457900.5530486 -1.44910 0.00595
2457900.5539948 -1.44588 0.00581
2457900.5547976 -1.43838 0.00590
2457900.5557178 -1.44750 0.00591
2457900.5564588 -1.44540 0.00575
