JDHEL V-C s1 V-K1 s2 C-K1 s3
Aperture: 7, Filter: rp, JD: geocentric
2458243.5344832 -1.28621 0.01108 -1.68187 0.01474 -0.39566 0.01758
2458243.5366985 -1.28810 0.01088 -1.66747 0.01474 -0.37937 0.01746
2458243.5371412 -1.26483 0.01063 -1.67749 0.01490 -0.41267 0.01743
2458243.5375810 -1.27925 0.01087 -1.67819 0.01497 -0.39893 0.01764
2458243.5384630 99.99999 9.99999 99.99999 9.99999 99.99999 9.99999
2458243.5389080 -1.25932 0.01100 99.99999 9.99999 99.99999 9.99999
2458243.5393491 -1.28610 0.01113 -1.68831 0.01515 -0.40221 0.01794
2458243.5398083 -1.28847 0.01106 -1.67974 0.01459 -0.39127 0.01742
2458243.5402544 -1.27597 0.01103 -1.67789 0.01520 -0.40192 0.01791
2458243.5411477 -1.27053 0.01096 -1.66624 0.01482 -0.39571 0.01752
2458243.5420379 -1.28434 0.01291 -1.65297 0.01739 -0.36862 0.02069
2458243.5425027 -1.27616 0.01100 -1.65290 0.01463 -0.37674 0.01740
2458243.5429435 -1.27819 0.01111 -1.65700 0.01491 -0.37881 0.01771
2458243.5447052 99.99999 9.99999 99.99999 9.99999 -0.39093 0.01885
2458243.5451534 -1.26189 0.01091 -1.66904 0.01481 -0.40716 0.01751
2458243.5455938 99.99999 9.99999 99.99999 9.99999 99.99999 9.99999
2458243.5473721 -1.27617 0.01121 -1.67147 0.01464 -0.39530 0.01754
2458243.5478190 -1.26189 0.01118 -1.68289 0.01564 -0.42100 0.01832
2458243.5482602 -1.27208 0.01108 -1.65638 0.01482 -0.38430 0.01761
2458243.5491442 -1.26342 0.01088 -1.66231 0.01481 -0.39889 0.01749
2458243.5495848 -1.27139 0.01089 -1.65038 0.01467 -0.37900 0.01737
2458243.5500280 -1.25569 0.01101 -1.65214 0.01497 -0.39644 0.01769
2458243.5509160 -1.26718 0.01088 -1.66872 0.01486 -0.40154 0.01753
2458243.5513557 99.99999 9.99999 99.99999 9.99999 -0.39812 0.01758
2458243.5517951 -1.27373 0.01111 -1.64732 0.01459 -0.37359 0.01745
2458243.5522347 -1.27527 0.01099 -1.55086 0.01360 -0.27559 0.01655
2458243.5531168 99.99999 9.99999 99.99999 9.99999 99.99999 9.99999
2458243.5535575 -1.28677 0.01096 -1.64795 0.01449 -0.36118 0.01726
2458243.5544384 -1.27017 0.01089 -1.66664 0.01514 -0.39647 0.01776
2458243.5557761 -1.25571 0.01106 -1.64693 0.01448 -0.39122 0.01731
2458243.5562179 -1.27187 0.01112 -1.62009 0.01450 -0.34822 0.01736
2458243.5566581 99.99999 9.99999 99.99999 9.99999 99.99999 9.99999
2458243.5571199 -1.27146 0.01105 -1.64441 0.01476 -0.37295 0.01756
2458243.5593634 -1.24720 0.01092 -1.63509 0.01452 -0.38789 0.01726
2458243.5602452 -1.27808 0.01111 99.99999 9.99999 99.99999 9.99999
2458243.5624565 -1.25661 0.01098 -1.62913 0.01472 -0.37252 0.01745
2458243.5637921 -1.26208 0.01121 -1.64475 0.01496 -0.38267 0.01779
2458243.5642321 -1.26176 0.01094 -1.66294 0.01477 -0.40118 0.01749
2458243.5646807 -1.26669 0.01121 -1.64963 0.01504 -0.38294 0.01786
2458243.5655647 -1.24555 0.01088 -1.65064 0.01505 -0.40508 0.01766
2458243.5660073 -1.25279 0.01102 -1.63556 0.01477 -0.38277 0.01751
2458243.5664495 -1.23028 0.01114 -1.65347 0.01512 -0.42319 0.01788
2458243.5673517 99.99999 9.99999 99.99999 9.99999 -0.39469 0.01776
2458243.5678019 -1.24459 0.01104 -1.63625 0.01496 -0.39166 0.01769
2458243.5682451 -1.25336 0.01108 -1.66085 0.01487 -0.40749 0.01764
2458243.5686855 -1.22708 0.01104 -1.64740 0.01492 -0.42032 0.01765
2458243.5695666 -1.25279 0.01131 -1.64935 0.01504 -0.39656 0.01790
2458243.5700066 99.99999 9.99999 99.99999 9.99999 -0.37822 0.01817
2458243.5704526 99.99999 9.99999 99.99999 9.99999 -0.40922 0.01794
2458243.5709072 -1.23660 0.01117 -1.68036 0.01564 -0.44376 0.01832
2458243.5713478 -1.22284 0.01101 -1.65618 0.01529 -0.43334 0.01794
2458243.5726721 -1.24705 0.01105 -1.64782 0.01515 -0.40077 0.01783
2458243.5731147 99.99999 9.99999 99.99999 9.99999 -0.41392 0.01785
2458243.5735592 -1.25408 0.01112 -1.66853 0.01532 -0.41446 0.01804
2458243.5744483 -1.24666 0.01097 -1.64612 0.01507 -0.39946 0.01774
2458243.5757781 99.99999 9.99999 99.99999 9.99999 -0.38387 0.01770
2458243.5762175 99.99999 9.99999 99.99999 9.99999 -0.36594 0.01746
2458243.5770997 -1.24807 0.01118 -1.66310 0.01545 -0.41503 0.01818
2458243.5775405 -1.23781 0.01101 -1.62806 0.01469 -0.39025 0.01743
2458243.5780122 -1.23087 0.01095 -1.64565 0.01506 -0.41478 0.01772
2458243.5784580 -1.26758 0.01127 99.99999 9.99999 99.99999 9.99999
2458243.5793459 99.99999 9.99999 99.99999 9.99999 -0.41743 0.01808
2458243.5797871 -1.25856 0.01112 -1.65156 0.01516 -0.39300 0.01789
2458243.5802269 -1.26721 0.01097 -1.65835 0.01479 -0.39114 0.01751
2458243.5806690 -1.25229 0.01121 -1.64546 0.01476 -0.39316 0.01760
2458243.5820240 -1.24675 0.01104 -1.64639 0.01514 -0.39963 0.01784
2458243.5829087 -1.24620 0.01131 -1.63235 0.01500 -0.38615 0.01785
2458243.5837926 99.99999 9.99999 99.99999 9.99999 99.99999 9.99999
2458243.5842383 -1.22622 0.01104 -1.64155 0.01512 -0.41532 0.01781
2458243.5864514 -1.25362 0.01112 -1.63958 0.01522 -0.38596 0.01793
2458243.5877757 99.99999 9.99999 99.99999 9.99999 99.99999 9.99999
2458243.5882177 -1.25570 0.01134 -1.65975 0.01510 -0.40405 0.01796
2458243.5886689 -1.25112 0.01104 -1.65243 0.01507 -0.40131 0.01778
2458243.5891091 -1.26268 0.01133 -1.66548 0.01544 -0.40280 0.01826
2458243.5899949 -1.23776 0.01113 -1.66584 0.01529 -0.42808 0.01800
2458243.5904378 -1.26732 0.01119 -1.67031 0.01512 -0.40300 0.01789
2458243.5908776 -1.24272 0.01116 -1.66306 0.01524 -0.42034 0.01800
2458243.5913176 -1.24616 0.01131 -1.64843 0.01480 -0.40228 0.01769
2458243.5921985 -1.25384 0.01115 -1.65885 0.01516 -0.40501 0.01791
2458243.5935284 -1.25001 0.01110 -1.64976 0.01532 -0.39976 0.01799
2458243.5939714 -1.26998 0.01132 -1.63078 0.01488 -0.36079 0.01780
2458243.5952979 -1.24251 0.01123 -1.63347 0.01491 -0.39096 0.01772
2458243.5957430 -1.26665 0.01116 -1.64115 0.01505 -0.37450 0.01783
2458243.5970646 -1.24462 0.01128 -1.64275 0.01532 -0.39813 0.01809
2458243.5975061 -1.27028 0.01140 -1.63115 0.01531 -0.36087 0.01818
2458243.5979501 -1.23651 0.01136 -1.66727 0.01551 -0.43076 0.01831
2458243.5983915 -1.27451 0.01150 -1.68090 0.01588 -0.40639 0.01873
2458243.5988337 -1.25652 0.01143 -1.64667 0.01525 -0.39015 0.01815
2458243.5992942 99.99999 9.99999 99.99999 9.99999 -0.42544 0.01845
2458243.5997419 99.99999 9.99999 99.99999 9.99999 -0.38643 0.01828
2458243.6001817 99.99999 9.99999 99.99999 9.99999 -0.38427 0.01812
2458243.6006245 99.99999 9.99999 99.99999 9.99999 -0.43808 0.01851
2458243.6019490 -1.26430 0.01141 -1.65327 0.01543 -0.38897 0.01831
2458243.6023899 -1.27173 0.01143 -1.64151 0.01498 -0.36979 0.01788
2458243.6028387 -1.26015 0.01144 -1.65671 0.01527 -0.39656 0.01819
2458243.6037215 99.99999 9.99999 99.99999 9.99999 -0.37913 0.01814
2458243.6041633 -1.25999 0.01126 -1.65493 0.01511 -0.39494 0.01794
2458243.6046142 99.99999 9.99999 99.99999 9.99999 -0.37925 0.01826
2458243.6068490 99.99999 9.99999 99.99999 9.99999 99.99999 9.99999
2458243.6077314 -1.21958 0.01122 99.99999 9.99999 99.99999 9.99999
2458243.6081735 -1.24349 0.01135 -1.66957 0.01560 -0.42607 0.01838
2458243.6086144 -1.22237 0.01122 -1.64298 0.01522 -0.42061 0.01800
2458243.6090554 99.99999 9.99999 -1.67230 0.01561 99.99999 9.99999
2458243.6113315 -1.25237 0.01135 -1.67303 0.01570 -0.42066 0.01846
2458243.6117741 -1.22434 0.01123 -1.64667 0.01537 -0.42233 0.01811
2458243.6135635 -1.26245 0.01151 -1.66007 0.01524 -0.39762 0.01822
2458243.6144469 -1.24420 0.01145 99.99999 9.99999 99.99999 9.99999
2458243.6148874 99.99999 9.99999 99.99999 9.99999 -0.38304 0.01822
2458243.6157765 99.99999 9.99999 99.99999 9.99999 -0.38697 0.01820
2458243.6166592 -1.24381 0.01133 -1.63553 0.01555 -0.39173 0.01830
2458243.6171101 -1.25961 0.01146 -1.63882 0.01506 -0.37922 0.01800
2458243.6179913 -1.27742 0.01145 -1.65331 0.01532 -0.37588 0.01824
2458243.6184308 -1.26767 0.01166 -1.62100 0.01538 -0.35333 0.01838
2458243.6193177 -1.25268 0.01143 -1.65406 0.01544 -0.40138 0.01828
2458243.6197592 99.99999 9.99999 -1.61909 0.01537 99.99999 9.99999
2458243.6202053 -1.27294 0.01158 99.99999 9.99999 99.99999 9.99999
2458243.6215591 -1.24023 0.01146 -1.66560 0.01566 -0.42537 0.01848
2458243.6220021 -1.23868 0.01137 -1.67029 0.01591 -0.43161 0.01865
2458243.6228852 -1.25151 0.01158 -1.68655 0.01606 -0.43504 0.01885
2458243.6242358 99.99999 9.99999 99.99999 9.99999 99.99999 9.99999
2458243.6246769 -1.26856 0.01178 -1.64400 0.01549 -0.37544 0.01854
2458243.6260162 -1.25637 0.01143 -1.66447 0.01585 -0.40810 0.01863
2458243.6264589 99.99999 9.99999 99.99999 9.99999 99.99999 9.99999
2458243.6269004 -1.25146 0.01143 -1.64515 0.01568 -0.39369 0.01847
2458243.6273408 -1.24763 0.01167 -1.67694 0.01608 -0.42931 0.01894
2458243.6278220 -1.24520 0.01165 -1.62899 0.01540 -0.38379 0.01839
2458243.6291472 -1.24581 0.01150 -1.63504 0.01559 -0.38923 0.01844
2458243.6295905 -1.26362 0.01168 -1.65044 0.01556 -0.38682 0.01855
2458243.6309143 -1.24572 0.01159 -1.65002 0.01563 -0.40430 0.01854
2458243.6313561 -1.26839 0.01174 -1.65966 0.01562 -0.39127 0.01864
2458243.6322404 -1.26112 0.01157 -1.65824 0.01581 -0.39712 0.01866
2458243.6331221 -1.27032 0.01178 -1.64589 0.01579 -0.37557 0.01877
2458243.6335632 -1.25457 0.01165 -1.67160 0.01614 -0.41703 0.01898
2458243.6340122 -1.27756 0.01182 -1.64036 0.01543 -0.36280 0.01851
2458243.6349229 -1.27341 0.01164 -1.65530 0.01573 -0.38190 0.01864
