2457403.2876332 0.21458 0.00264
2457403.2884361 0.21610 0.00259
2457403.2896589 0.21238 0.00286
2457403.2904604 0.21435 0.00289
2457403.2912645 0.21379 0.00295
2457403.2920691 0.20827 0.00283
2457403.2929748 0.21198 0.00336
2457403.2938368 0.20958 0.00369
2457403.2946355 0.21055 0.00277
2457403.2955153 0.21197 0.00262
2457403.2964072 0.20766 0.00270
2457403.2972096 99.99999 9.99999
2457403.2980145 0.20870 0.00262
2457403.2988166 0.20857 0.00273
2457403.2996558 99.99999 9.99999
2457403.3005045 99.99999 9.99999
2457403.3013441 0.21765 0.00259
2457403.3021486 99.99999 9.99999
2457403.3029868 99.99999 9.99999
2457403.3038161 99.99999 9.99999
2457403.3046505 0.21818 0.00261
2457403.3055259 99.99999 9.99999
2457403.3063741 99.99999 9.99999
2457403.3071682 0.21620 0.00265
2457403.3079992 99.99999 9.99999
2457403.3088277 99.99999 9.99999
2457403.3096238 99.99999 9.99999
2457403.3104205 99.99999 9.99999
2457403.3112977 99.99999 9.99999
2457403.3122341 99.99999 9.99999
2457403.3132716 0.22796 0.00265
2457403.3140736 99.99999 9.99999
2457403.3150565 99.99999 9.99999
2457403.3159116 0.22483 0.00261
2457403.3168514 0.23102 0.00261
2457403.3177255 0.23091 0.00260
2457403.3186148 99.99999 9.99999
2457403.3194161 99.99999 9.99999
2457403.3202440 0.23185 0.00262
2457403.3211000 99.99999 9.99999
2457403.3220959 0.22875 0.00263
2457403.3229310 99.99999 9.99999
2457403.3237728 0.23446 0.00264
2457403.3246615 0.23635 0.00264
2457403.3255868 0.23279 0.00266
2457403.3264325 0.23440 0.00267
2457403.3272891 0.23559 0.00266
2457403.3280931 0.22990 0.00263
2457403.3289439 99.99999 9.99999
2457403.3297485 0.23642 0.00269
2457403.3305517 0.24039 0.00268
2457403.3315569 0.23466 0.00266
2457403.3323979 0.23415 0.00263
2457403.3332269 0.23363 0.00263
2457403.3340951 0.23429 0.00265
2457403.3349248 99.99999 9.99999
2457403.3357769 0.23828 0.00267
2457403.3366244 0.23776 0.00264
2457403.3374293 0.23166 0.00265
2457403.3383762 0.22997 0.00266
2457403.3393260 0.23481 0.00265
2457403.3401535 0.23076 0.00263
2457403.3410021 0.23321 0.00266
2457403.3418693 0.23688 0.00264
2457403.3427868 0.23677 0.00262
2457403.3436146 0.23066 0.00263
2457403.3444186 0.23793 0.00265
2457403.3452859 0.23881 0.00265
2457403.3461854 0.23439 0.00265
2457403.3469909 0.23885 0.00265
2457403.3479297 0.23588 0.00262
2457403.3487720 0.23588 0.00269
2457403.3496257 0.23749 0.00266
2457403.3504537 0.23713 0.00272
2457403.3512544 0.23851 0.00267
2457403.3520600 0.23354 0.00268
2457403.3528847 0.23773 0.00275
2457403.3538503 0.23728 0.00272
2457403.3546554 0.23339 0.00270
2457403.3554944 0.23614 0.00269
2457403.3563756 0.23212 0.00270
2457403.3571800 0.23702 0.00272
2457403.3579816 0.23381 0.00273
2457403.3588315 0.23056 0.00272
2457403.3596315 0.24019 0.00270
2457403.3606103 0.23512 0.00273
2457403.3614154 0.23770 0.00268
2457403.3622655 0.23445 0.00272
2457403.3630662 0.23905 0.00277
2457403.3638690 0.23977 0.00274
2457403.3646701 0.23521 0.00269
2457403.3654737 0.23401 0.00269
2457403.3663258 0.23658 0.00273
2457403.3671278 0.23453 0.00276
2457403.3679972 0.23868 0.00276
2457403.3688262 0.23167 0.00271
2457403.3696313 0.23322 0.00275
2457403.3705275 0.23694 0.00269
2457403.3713324 0.23837 0.00272
2457403.3721372 0.23254 0.00273
2457403.3730792 0.23526 0.00274
2457403.3738759 0.23639 0.00276
2457403.3747058 0.23586 0.00274
2457403.3816498 99.99999 9.99999
2457403.3824823 0.22483 0.00281
2457403.3832892 0.21801 0.00274
2457403.3842558 0.22189 0.00281
2457403.3850854 99.99999 9.99999
2457403.3859222 99.99999 9.99999
2457403.3867234 99.99999 9.99999
2457403.3881278 0.21780 0.00280
2457403.3890267 99.99999 9.99999
2457403.3898299 99.99999 9.99999
2457403.3906303 99.99999 9.99999
2457403.3914601 99.99999 9.99999
2457403.3922660 99.99999 9.99999
2457403.3930689 0.21669 0.00288
2457403.3938747 99.99999 9.99999
2457403.3947029 99.99999 9.99999
2457403.3955080 0.21948 0.00292
2457403.3963615 99.99999 9.99999
2457403.3972677 0.21781 0.00296
2457403.3980977 99.99999 9.99999
2457403.3989002 99.99999 9.99999
2457403.3998140 99.99999 9.99999
2457403.4008763 99.99999 9.99999
2457403.4017532 99.99999 9.99999
2457403.4026970 0.21274 0.00287
2457403.4043372 0.22232 0.00287
2457403.4051655 0.21505 0.00287
2457403.4060160 0.21359 0.00287
2457403.4068439 0.21545 0.00283
2457403.4076965 0.21511 0.00280
2457403.4084990 0.21465 0.00283
2457403.4093278 0.21540 0.00287
2457403.4101288 0.21790 0.00285
2457403.4109809 0.21559 0.00283
2457403.4118317 0.21475 0.00286
2457403.4126324 0.21949 0.00290
2457403.4134336 0.21302 0.00290
2457403.4142728 0.21873 0.00293
2457403.4151486 0.21480 0.00290
2457403.4160010 0.21792 0.00302
2457403.4168686 0.21410 0.00301
2457403.4177102 0.21581 0.00301
2457403.4185604 0.21234 0.00306
2457403.4193966 0.21583 0.00301
2457403.4202044 0.21099 0.00305
2457403.4210274 0.21815 0.00308
2457403.4218571 0.21672 0.00313
2457403.4226866 0.21043 0.00312
2457403.4234856 0.21455 0.00309
2457403.4243216 0.22137 0.00317
2457403.4251203 0.21566 0.00314
2457403.4259212 0.21310 0.00319
