JDHEL V-C s1 V-K1 s2 C-K1 s3
Aperture: 11, Filter: SDSS r, JD: geocentric
2458853.4838657 -0.66999 0.01217 -0.76901 0.01266 -0.09901 0.01552
2458853.4844329 -0.63795 0.01183 -0.76752 0.01286 -0.12957 0.01540
2458853.4849884 -0.64224 0.01168 -0.75779 0.01241 -0.11555 0.01502
2458853.4855440 -0.65423 0.01147 -0.75989 0.01239 -0.10566 0.01494
2458853.4860995 -0.68014 0.01169 -0.79196 0.01246 -0.11181 0.01510
2458853.4866667 -0.64621 0.01139 -0.76769 0.01241 -0.12148 0.01492
2458853.4872454 -0.67024 0.01187 -0.75228 0.01251 -0.08204 0.01527
2458853.4878009 99.99999 9.99999 99.99999 9.99999 99.99999 9.99999
2458853.4883796 99.99999 9.99999 99.99999 9.99999 99.99999 9.99999
2458853.4889468 -0.65324 0.01250 99.99999 9.99999 99.99999 9.99999
2458853.4944560 -0.64766 0.01101 -0.76710 0.01173 -0.11944 0.01420
2458853.4956134 -0.65710 0.01098 -0.76589 0.01169 -0.10878 0.01408
2458853.4961921 -0.63575 0.01071 -0.77586 0.01177 -0.14011 0.01415
2458853.4967824 -0.66596 0.01118 -0.76605 0.01185 -0.10009 0.01440
2458853.4973611 -0.63442 0.01076 -0.74160 0.01128 -0.10718 0.01366
2458853.4979398 99.99999 9.99999 99.99999 9.99999 99.99999 9.99999
2458853.4991088 99.99999 9.99999 -0.76026 0.01166 99.99999 9.99999
2458853.4996991 -0.65933 0.01058 -0.76314 0.01136 -0.10381 0.01373
2458853.5002662 -0.65947 0.01057 -0.78283 0.01117 -0.12337 0.01358
2458853.5008565 -0.61617 0.01046 -0.76051 0.01109 -0.14434 0.01341
2458853.5014120 -0.69131 0.01102 -0.76506 0.01139 -0.07375 0.01403
2458853.5025694 -0.66399 0.01058 -0.77790 0.01137 -0.11392 0.01375
2458853.5031597 -0.64083 0.01051 -0.75848 0.01111 -0.11765 0.01348
2458853.5037269 -0.62163 0.01053 -0.73704 0.01128 -0.11541 0.01360
2458853.5042940 -0.63294 0.01084 -0.75447 0.01140 -0.12153 0.01370
2458853.5048611 -0.63199 0.01043 -0.76148 0.01098 -0.12949 0.01337
2458853.5054398 -0.64533 0.01030 -0.76256 0.01093 -0.11723 0.01324
2458853.5060069 -0.63524 0.01025 -0.76295 0.01100 -0.12771 0.01323
2458853.5065741 -0.62093 0.01013 -0.73962 0.01092 -0.11869 0.01317
2458853.5071181 -0.66011 0.01045 -0.76691 0.01082 -0.10681 0.01336
2458853.5077083 -0.61798 0.01005 -0.75913 0.01106 -0.14115 0.01318
2458853.5082755 -0.61512 0.00989 -0.78340 0.01097 -0.16828 0.01306
2458853.5088542 -0.62538 0.01009 -0.74710 0.01063 -0.12172 0.01293
2458853.5094444 -0.62902 0.01005 -0.75939 0.01076 -0.13037 0.01298
2458853.5100231 -0.62281 0.01024 -0.75025 0.01072 -0.12744 0.01306
2458853.5106019 -0.63365 0.00987 -0.73582 0.01050 -0.10218 0.01268
2458853.5111806 -0.63483 0.01015 -0.74893 0.01071 -0.11410 0.01309
2458853.5117477 -0.64925 0.01022 -0.75006 0.01071 -0.10080 0.01306
2458853.5123264 -0.63761 0.01012 -0.75143 0.01061 -0.11382 0.01294
2458853.5129167 -0.58696 0.00987 -0.71784 0.01063 -0.13088 0.01268
2458853.5134954 -0.60237 0.00985 -0.74874 0.01066 -0.14637 0.01263
2458853.5140741 -0.61221 0.00993 -0.74792 0.01062 -0.13571 0.01288
2458853.5146412 -0.60734 0.00974 -0.75130 0.01067 -0.14397 0.01271
2458853.5152199 -0.62905 0.00986 -0.74039 0.01054 -0.11134 0.01268
2458853.5157986 -0.61405 0.00982 -0.74832 0.01046 -0.13428 0.01262
2458853.5164005 -0.60114 0.00967 -0.72990 0.01037 -0.12876 0.01246
2458853.5169792 -0.62704 0.00984 -0.77644 0.01077 -0.14940 0.01295
2458853.5175579 -0.63008 0.00990 -0.73626 0.01049 -0.10619 0.01264
2458853.5181481 -0.60916 0.00965 -0.74365 0.01040 -0.13448 0.01240
2458853.5187269 -0.60373 0.00962 -0.73064 0.01046 -0.12691 0.01252
2458853.5192940 -0.61614 0.00969 -0.73948 0.01034 -0.12334 0.01244
2458853.5198843 -0.62297 0.00962 -0.73888 0.01041 -0.11591 0.01242
2458853.5204630 -0.60841 0.00966 -0.73268 0.01027 -0.12426 0.01242
2458853.5210417 -0.63039 0.00957 -0.74619 0.01026 -0.11580 0.01237
2458853.5216204 -0.59359 0.00968 -0.69570 0.01027 -0.10211 0.01237
2458853.5222106 -0.63986 0.00972 -0.75156 0.01036 -0.11170 0.01255
2458853.5228009 -0.62121 0.00981 -0.74333 0.01042 -0.12212 0.01264
2458853.5233796 -0.59992 0.00956 -0.73179 0.01024 -0.13187 0.01234
2458853.5239583 -0.60796 0.00950 -0.72669 0.01037 -0.11873 0.01235
2458853.5245486 -0.61649 0.00955 -0.75999 0.01027 -0.14350 0.01235
2458853.5251273 -0.61052 0.00943 -0.74686 0.01036 -0.13633 0.01235
2458853.5257176 -0.61635 0.00948 -0.75428 0.01026 -0.13792 0.01230
2458853.5262731 -0.61386 0.00948 -0.74629 0.01042 -0.13244 0.01239
2458853.5268634 -0.61800 0.00943 -0.75782 0.01013 -0.13982 0.01217
2458853.5274421 -0.63386 0.00925 -0.76352 0.01015 -0.12966 0.01206
2458853.5280208 -0.60130 0.00931 -0.72318 0.00993 -0.12188 0.01195
2458853.5285995 -0.60314 0.00944 -0.71005 0.01006 -0.10691 0.01210
2458853.5291667 -0.61656 0.00942 -0.72223 0.01004 -0.10567 0.01209
2458853.5297569 -0.61135 0.00934 -0.72670 0.00987 -0.11535 0.01192
2458853.5303241 -0.60375 0.00920 -0.73732 0.00998 -0.13358 0.01184
2458853.5309028 -0.60995 0.00928 -0.73197 0.00990 -0.12202 0.01187
2458853.5314699 -0.61008 0.00927 -0.74535 0.00997 -0.13527 0.01192
2458853.5320370 -0.59783 0.00930 -0.72056 0.00988 -0.12273 0.01188
2458853.5326157 -0.62795 0.00945 -0.73998 0.00988 -0.11203 0.01201
2458853.5331829 -0.60810 0.00915 -0.74722 0.01003 -0.13912 0.01194
2458853.5337500 -0.61170 0.00915 -0.74083 0.00988 -0.12913 0.01185
2458853.5343287 -0.61612 0.00928 -0.74740 0.01018 -0.13128 0.01213
2458853.5348958 -0.61618 0.00923 -0.73901 0.00989 -0.12283 0.01190
2458853.5354745 -0.60266 0.00914 -0.72730 0.00981 -0.12464 0.01173
2458853.5360532 -0.61537 0.00924 -0.73556 0.00997 -0.12019 0.01189
2458853.5366204 -0.59554 0.00899 -0.71501 0.00969 -0.11946 0.01160
2458853.5371875 -0.58181 0.00900 -0.72071 0.00992 -0.13890 0.01170
2458853.5377778 -0.62789 0.00928 -0.73837 0.00978 -0.11048 0.01188
2458853.5383565 -0.60701 0.00921 -0.71908 0.00970 -0.11207 0.01175
2458853.5389352 -0.62680 0.00894 -0.75706 0.00973 -0.13026 0.01162
2458853.5395023 -0.61678 0.00890 -0.74314 0.00953 -0.12636 0.01137
2458853.5400926 -0.60714 0.00885 -0.71929 0.00945 -0.11215 0.01135
2458853.5406829 -0.60740 0.00901 -0.72433 0.00957 -0.11693 0.01162
2458853.5412384 -0.60950 0.00882 -0.74172 0.00963 -0.13222 0.01144
2458853.5418171 -0.59500 0.00894 -0.72848 0.00945 -0.13348 0.01137
2458853.5423958 -0.61282 0.00875 -0.75403 0.00941 -0.14121 0.01129
2458853.5429514 -0.60989 0.00895 -0.72420 0.00937 -0.11431 0.01133
2458853.5435185 -0.63151 0.00896 -0.73726 0.00955 -0.10576 0.01156
2458853.5440972 -0.60263 0.00888 -0.73784 0.00958 -0.13521 0.01151
2458853.5446644 -0.59758 0.00874 -0.73979 0.00942 -0.14220 0.01126
2458853.5453009 -0.60916 0.00866 -0.76730 0.00962 -0.15814 0.01141
2458853.5458796 -0.62456 0.00890 -0.74514 0.00927 -0.12058 0.01126
2458853.5464468 -0.60459 0.00881 -0.74068 0.00962 -0.13610 0.01142
2458853.5470255 -0.62158 0.00874 -0.73431 0.00906 -0.11273 0.01110
2458853.5476042 -0.63874 0.00875 -0.74138 0.00923 -0.10264 0.01118
2458853.5481829 -0.60585 0.00877 -0.74680 0.00938 -0.14094 0.01128
2458853.5487500 -0.62576 0.00849 -0.74661 0.00941 -0.12085 0.01114
2458853.5493287 -0.61740 0.00876 -0.75928 0.00936 -0.14188 0.01129
2458853.5498958 -0.64332 0.00867 -0.76458 0.00913 -0.12126 0.01107
2458853.5504745 -0.64005 0.00874 -0.76570 0.00931 -0.12565 0.01128
2458853.5510648 -0.61948 0.00860 -0.74705 0.00916 -0.12758 0.01106
2458853.5516319 -0.62376 0.00863 -0.75003 0.00913 -0.12627 0.01101
2458853.5522222 -0.62930 0.00866 -0.77571 0.00908 -0.14641 0.01106
2458853.5528009 -0.63901 0.00851 -0.76386 0.00920 -0.12485 0.01101
2458853.5533681 -0.62697 0.00870 -0.76491 0.00916 -0.13794 0.01111
2458853.5539699 -0.63512 0.00830 -0.75948 0.00899 -0.12436 0.01079
2458853.5545486 -0.63013 0.00850 -0.76270 0.00909 -0.13257 0.01102
2458853.5551273 -0.64774 0.00835 -0.78858 0.00900 -0.14084 0.01081
2458853.5556944 -0.63266 0.00834 -0.76660 0.00888 -0.13394 0.01072
2458853.5562731 -0.62997 0.00835 -0.78045 0.00907 -0.15048 0.01086
2458853.5568634 -0.64147 0.00828 -0.77654 0.00889 -0.13506 0.01072
2458853.5574421 -0.63264 0.00821 -0.77367 0.00881 -0.14103 0.01065
2458853.5580093 -0.64460 0.00820 -0.75983 0.00878 -0.11522 0.01059
2458853.5585880 -0.65160 0.00833 -0.77059 0.00881 -0.11899 0.01074
2458853.5591782 -0.64329 0.00819 -0.77638 0.00897 -0.13309 0.01078
2458853.5597685 -0.63537 0.00828 -0.76764 0.00880 -0.13226 0.01068
2458853.5603241 -0.64401 0.00811 -0.77440 0.00872 -0.13039 0.01052
2458853.5609259 -0.65543 0.00799 -0.78563 0.00882 -0.13020 0.01055
2458853.5615046 -0.63941 0.00809 -0.77535 0.00874 -0.13594 0.01055
2458853.5620949 -0.63101 0.00799 -0.77373 0.00879 -0.14272 0.01052
2458853.5626736 -0.64001 0.00784 -0.76483 0.00857 -0.12482 0.01030
2458853.5632407 -0.63425 0.00796 -0.76768 0.00871 -0.13343 0.01045
2458853.5638310 -0.64440 0.00797 -0.77034 0.00868 -0.12594 0.01042
2458853.5643981 -0.64024 0.00822 -0.77342 0.00868 -0.13318 0.01057
2458853.5649537 -0.64009 0.00795 -0.76923 0.00859 -0.12914 0.01040
2458853.5655440 -0.64162 0.00793 -0.76720 0.00857 -0.12558 0.01030
2458853.5661227 -0.65456 0.00775 -0.78172 0.00851 -0.12715 0.01016
2458853.5667130 -0.63827 0.00792 -0.78201 0.00866 -0.14374 0.01036
2458853.5672801 -0.64449 0.00774 -0.77725 0.00879 -0.13276 0.01038
2458853.5678588 -0.63584 0.00787 -0.76787 0.00864 -0.13203 0.01033
2458853.5684259 -0.63679 0.00784 -0.76802 0.00862 -0.13123 0.01032
2458853.5689815 -0.64232 0.00778 -0.77899 0.00854 -0.13667 0.01026
2458853.5695833 -0.62808 0.00788 -0.76805 0.00861 -0.13997 0.01032
2458853.5701505 -0.64663 0.00785 -0.78460 0.00874 -0.13797 0.01041
2458853.5707407 -0.62257 0.00786 -0.77629 0.00878 -0.15372 0.01043
2458853.5713310 -0.62882 0.00787 -0.76341 0.00872 -0.13459 0.01039
2458853.5719097 -0.64028 0.00769 -0.78311 0.00873 -0.14283 0.01033
2458853.5724769 -0.63566 0.00791 -0.76468 0.00868 -0.12902 0.01037
2458853.5730671 -0.64076 0.00790 -0.76362 0.00851 -0.12286 0.01034
2458853.5736343 -0.63777 0.00797 -0.75647 0.00862 -0.11870 0.01048
2458853.5742245 -0.64471 0.00786 -0.77266 0.00877 -0.12795 0.01045
2458853.5748032 -0.63373 0.00797 -0.77624 0.00883 -0.14250 0.01062
2458853.5753935 -0.64742 0.00790 -0.77273 0.00864 -0.12531 0.01039
2458853.5759838 -0.63388 0.00793 -0.75332 0.00859 -0.11944 0.01038
2458853.5765509 -0.64146 0.00792 -0.76073 0.00869 -0.11927 0.01043
2458853.5771296 -0.62842 0.00799 -0.75037 0.00871 -0.12195 0.01046
2458853.5776968 -0.65157 0.00789 -0.79006 0.00877 -0.13850 0.01050
2458853.5782755 -0.64143 0.00791 -0.76552 0.00867 -0.12410 0.01044
2458853.5788657 -0.64255 0.00784 -0.76938 0.00872 -0.12683 0.01037
2458853.5794329 -0.63410 0.00799 -0.76492 0.00863 -0.13082 0.01046
2458853.5800231 -0.63902 0.00782 -0.76544 0.00853 -0.12642 0.01023
2458853.5805903 -0.64592 0.00807 -0.76751 0.00876 -0.12159 0.01060
2458853.5811690 -0.63293 0.00791 -0.78241 0.00873 -0.14948 0.01046
2458853.5817361 -0.64229 0.00793 -0.77022 0.00876 -0.12793 0.01047
2458853.5823148 -0.64526 0.00803 -0.75622 0.00867 -0.11097 0.01039
2458853.5829051 -0.63587 0.00780 -0.77039 0.00874 -0.13452 0.01038
2458853.5834838 -0.64194 0.00804 -0.77793 0.00882 -0.13600 0.01062
2458853.5840625 -0.63364 0.00788 -0.77048 0.00869 -0.13683 0.01038
2458853.5846412 -0.64261 0.00806 -0.78409 0.00865 -0.14148 0.01050
2458853.5852083 -0.64408 0.00784 -0.77934 0.00872 -0.13527 0.01038
2458853.5857986 -0.62511 0.00788 -0.76452 0.00880 -0.13941 0.01041
2458853.5863889 -0.63140 0.00770 -0.75880 0.00861 -0.12740 0.01021
2458853.5869676 -0.63712 0.00788 -0.75668 0.00854 -0.11956 0.01023
2458853.5875579 -0.64532 0.00772 -0.77468 0.00855 -0.12936 0.01021
2458853.5881366 -0.63651 0.00790 -0.76013 0.00864 -0.12362 0.01040
2458853.5887269 -0.64468 0.00794 -0.77335 0.00872 -0.12867 0.01040
2458853.5893056 -0.64300 0.00796 -0.75249 0.00867 -0.10949 0.01043
2458853.5898958 -0.63242 0.00799 -0.76042 0.00867 -0.12801 0.01043
2458853.5904861 -0.63541 0.00785 -0.75489 0.00871 -0.11948 0.01033
2458853.5910532 -0.64142 0.00796 -0.76094 0.00879 -0.11953 0.01052
2458853.5916435 -0.63450 0.00785 -0.78066 0.00859 -0.14616 0.01036
2458853.5922106 -0.65356 0.00783 -0.77541 0.00852 -0.12184 0.01022
2458853.5927894 -0.63744 0.00796 -0.75919 0.00841 -0.12176 0.01030
2458853.5933912 -0.63963 0.00782 -0.77504 0.00889 -0.13541 0.01041
2458853.5939699 -0.62854 0.00793 -0.76042 0.00856 -0.13188 0.01027
2458853.5945602 -0.64515 0.00785 -0.77107 0.00857 -0.12592 0.01026
2458853.5951505 -0.63896 0.00780 -0.77153 0.00870 -0.13257 0.01037
2458853.5957292 -0.65059 0.00801 -0.77781 0.00881 -0.12722 0.01058
2458853.5963194 -0.62631 0.00778 -0.76356 0.00860 -0.13726 0.01023
2458853.5968866 -0.64694 0.00798 -0.76093 0.00867 -0.11399 0.01048
2458853.5974653 -0.63798 0.00778 -0.77188 0.00865 -0.13390 0.01031
2458853.5980440 -0.63844 0.00765 -0.76489 0.00862 -0.12646 0.01018
2458853.5986227 -0.64158 0.00780 -0.77510 0.00863 -0.13352 0.01036
2458853.5992130 -0.64651 0.00775 -0.77798 0.00869 -0.13147 0.01031
2458853.5998032 -0.63953 0.00775 -0.77039 0.00851 -0.13086 0.01018
2458853.6003935 -0.63533 0.00786 -0.76146 0.00861 -0.12614 0.01030
2458853.6009954 -0.63524 0.00778 -0.76401 0.00860 -0.12877 0.01024
2458853.6015741 -0.63415 0.00788 -0.77588 0.00858 -0.14172 0.01031
2458853.6021644 -0.64682 0.00795 -0.76919 0.00860 -0.12237 0.01040
2458853.6027662 -0.64923 0.00771 -0.78843 0.00861 -0.13920 0.01025
2458853.6033565 -0.62146 0.00777 -0.75734 0.00862 -0.13588 0.01025
2458853.6039931 -0.64841 0.00776 -0.76159 0.00858 -0.11318 0.01027
2458853.6045833 -0.63716 0.00783 -0.78841 0.00867 -0.15125 0.01038
2458853.6051852 -0.63733 0.00781 -0.77118 0.00868 -0.13385 0.01036
2458853.6057755 -0.64973 0.00779 -0.77816 0.00859 -0.12843 0.01031
2458853.6063657 -0.63272 0.00772 -0.77026 0.00848 -0.13754 0.01020
2458853.6069444 -0.63961 0.00774 -0.78563 0.00870 -0.14602 0.01034
2458853.6075347 -0.63788 0.00766 -0.77975 0.00861 -0.14187 0.01017
2458853.6081366 -0.64082 0.00774 99.99999 9.99999 99.99999 9.99999
2458853.6087269 -0.63869 0.00779 -0.76278 0.00864 -0.12409 0.01038
2458853.6092940 -0.64165 0.00787 -0.76921 0.00844 -0.12757 0.01023
2458853.6098958 -0.63257 0.00783 -0.75328 0.00858 -0.12071 0.01030
2458853.6104861 -0.64365 0.00778 -0.77740 0.00857 -0.13375 0.01024
2458853.6110764 -0.64470 0.00775 -0.77029 0.00844 -0.12559 0.01013
2458853.6116667 -0.64208 0.00778 -0.77166 0.00852 -0.12958 0.01026
